[HEADER]
VERSION=1

[LEVELS]
MASTER=0.5
ENGINE=0.500000
WIND=0.500000
TYRES=1.000000
OPPONENTS=0.500000
MUSIC=0.5
UISOUNDS=0.5
SURFACES=1.000000
DIRT_BOTTOM=1.000000
TRANSMISSION=-1.000000

[SETTINGS]

[SKIDS]
ENTRY_POINT=200
