[MODE]
IS_WORLD_ALIGNED=0
FOV=30.6468

[GFORCES]
MIX=-0.00400,-0.00400,-0.00500
LAG=0.8

[SHAKE]
SCALE=0.00100,0.00020,0.00015
FREQ=150,150,100
RANDOM=0.5

[ROTATION]
HEAD_MAX_DEGREES=60
SPEED=20
